"","B.cells","CAFs","Cancer.Epithelial","Endothelial","Myeloid","Normal.Epithelial","Plasmablasts","PVL","T.cells"
"000x002",7.02780550359996e-05,0.501138936834096,7.02780653446689e-05,0.0753258122882194,0.121294525084077,0.151420407573545,0.0212337747542955,7.02780651647651e-05,0.129375709280222
"000x003",0.0267860226745947,0.579921477826542,0.0336202517460052,0.11560862562609,0.0513695713046272,0.102856563100934,0.0199416006334789,4.51141826355833e-05,0.0698507729050931
"000x004",0.0215746491492435,0.286928496440359,0.0620038675720928,0.119515393754771,0.183990752815359,0.0911116207205301,0.0602400701929244,0.00164405755124463,0.172991091803475
"000x005",0.000227794135865385,0.344010475159755,0.203261389270716,0.133799488678348,0.0886857097058114,0.17026349100042,0.000227794135865384,0.000227794133446349,0.0592960637797726
"000x029",0.0381572059523807,0.184832038419365,0.0538896020840866,0.279900362799188,0.173980089204531,0.0616587197841571,0.106996867655283,0.000300787806210701,0.100284326294798
"000x032",0.0294587941017654,0.336901367018824,8.08297664359379e-05,0.0845901083992304,0.081570183942503,0.0504860560419369,0.195935953187415,0.0459125009363391,0.17506420660555
"000x033",0.00599301290967587,0.358635108606532,0.00542143200003964,9.91473731776251e-05,0.238156938860828,0.0388619732821651,0.0275285556888647,9.9147373176713e-05,0.325204683905541
"000x034",0.102479847217128,0.329347270360585,0.0421957018809825,0.00027455074823109,0.203111028128626,0.00667911776742508,9.62968246411699e-05,0.00611974334066086,0.309696443731721
"000x035",0.0632525442000456,0.553725236690038,6.4875074131545e-05,6.48750734114787e-05,0.15363304617779,0.0212782915463199,6.48750741311359e-05,6.48750741311347e-05,0.207851381090002
"000x036",0.000148247992716155,0.421664021149327,0.0181341366594827,0.0206926538911901,0.17212399545302,0.140972001003527,0.0001482479978349,0.00199103274611653,0.224125663106786
"000x037",0.0461369264677024,0.285798408380682,0.0395905591445397,0.0405520739085355,0.160635196640714,0.000128533958161889,0.0776746171897057,0.0391878376968043,0.310295846613155
"000x038",0.00755062519183852,0.337322810664082,0.136074860733398,0.0124632104359775,0.221766118873158,0.076754232288815,0.000313582524805639,0.00169923559201659,0.206055323695908
"000x039",6.1425471460172e-05,0.430826008213183,6.14254633411591e-05,0.0252295273571592,0.111590978978444,0.118960741199558,0.258080855559564,6.14254630656923e-05,0.0551276122942247
"000x040",0.00740475604994234,0.746395078150041,0.0110823562550257,0.0279072623614206,0.10126854567861,0.0127301621207846,0.0163917949954622,6.76279060037281e-05,0.0767524164827097
"000x041",0.0800735674381328,0.311147205108258,0.123709675551679,0.0640458326525062,0.152317663507624,0.0316884333855168,0.0582258894816611,0.000197738777700028,0.178593994096923
"000x042",0.0139510578456209,0.0934769319700187,0.703132105009441,0.0222995094289266,0.0278266757067057,0.0782174207407616,0.000108894555193267,0.00689405992182379,0.0540933448215084
"000x043",0.000270030066513729,0.159052833121021,0.573902276339444,0.12267857697683,0.00399768595165099,0.0965871803686155,0.000270030065142407,0.000270030066077601,0.0429713570447047
"000x044",0.0145691927209631,0.226388745506105,0.57491431847304,0.0181931634456556,0.0546776172634168,0.0394136596134908,0.0093455091736881,0.000252772693738203,0.0622450211099027
"000x045",0.0139889732006367,0.596430681312419,0.0873940894515774,0.106049765611745,0.0500015022636101,0.094364330955627,0.000103290931115022,0.000103290931109313,0.0515640753421607
"000x046",0.00812831851069742,0.392642350035021,0.344907756875612,0.122423267369715,0.0429850645255432,0.0169584357951127,0.0265922624313374,0.000136241410087405,0.0452263030468731
"000x047",0.0148990659998833,0.280244336403546,0.402680295464484,0.0299773754678616,0.079711906948806,0.134384585645722,0.000352695569958837,0.000352695570316535,0.0573970429294213
"000x048",0.026648162200752,0.255820665360818,0.283606139075794,0.0764080312290276,0.134836772988531,0.167601903670188,0.000311183451008507,0.0106970943896345,0.0440700476342461
"000x049",0.000149830124969523,0.227086953589303,0.439884439455326,0.0618144051164642,0.0922907445026621,0.104392865941198,0.000149830130741442,0.00014983013266296,0.0740811010066724
"000x050",0.0407356424923877,0.283972532962649,0.37684642685392,0.0323538150365109,0.0897943689611096,0.0611279366497047,0.000500113228941163,0.000500113229577275,0.1141690505852
"000x051",0.000108471955977397,0.423766575601921,0.345497322199608,0.0718402594497845,0.0757936103217852,0.0123062353493035,0.00010847195585385,0.000108471954634455,0.0704705812111322
"001x002",0.0354418414043618,0.242725226163213,0.035839916767843,0.0866411772706783,0.0272302492486288,0.419012191441867,0.0480424193857874,0.000143361821331337,0.104923616496289
"001x003",0.00923858202704742,0.127250024903257,0.00162878238314151,0.129431701248761,0.0346171359766351,0.593125353412502,0.00617949625524212,0.0488644433353746,0.0496644804580391
"001x004",0.0329504152842462,0.441015249435983,0.0564554834047634,0.211150256683559,0.07269706480034,0.139458409598092,0.0116206656881033,0.0212974039311934,0.0133550511737201
"001x005",0.000714520228312842,0.207905048955122,0.0713027862337184,0.186021490628369,0.145366621033145,0.164746086553329,0.000714520226837437,0.0190114504805267,0.204217475660639
"001x019",0.0120512356287209,0.216549095536016,0.0828030778221792,0.419546777797918,0.194771380422743,0.0647309279783196,0.000142677942602513,0.000142677942117235,0.00926214892938331
"001x020",0.0441632018834261,0.165556064744289,0.124046418271458,0.357384400509186,0.131367577700366,0.14316319675947,0.000125882724008573,0.000125882723476977,0.0340673746843198
"001x028",7.86337636850821e-05,0.254304537792168,0.163300478202113,0.26245463822289,0.129392002601623,0.112630821527022,7.86337633330666e-05,0.0659777696720962,0.0117824844550705
"001x031",0.0416499159475699,0.339354188802935,0.119757288590129,0.00284552942222413,0.285306687796072,0.0100735708582107,0.000370477571529526,0.0231063331508967,0.177536007860433
"001x032",0.0202775810715853,0.438930761329813,0.0162862031700822,0.0202802885465235,0.268562564093209,0.0473666453112462,9.22751633182316e-05,9.22751633186573e-05,0.188111406150903
"001x033",0.0127887642910208,0.128381656544127,0.487192450125271,0.0390760724078178,0.139724880846597,0.0731640988673712,0.00421612663141496,0.00164581610055462,0.113810134185826
"001x034",0.0317279811273433,0.251871015753662,0.065399741201717,0.169212862696557,0.162463702897563,0.0427863277471815,0.000281144562674088,0.0716234840001624,0.20463374001314
"001x035",0.0292160844470623,0.272137888602502,0.049349577957528,0.228424440741041,0.126023846983792,0.0317765892811947,0.000123891530791044,0.000123891530791045,0.262823788925298
"001x036",0.0178618993460314,0.425973370583787,0.0411419554753111,0.121319554693757,0.130265058086025,0.0143774569286816,0.0131609150250812,0.000138178563765141,0.23576161129756
"001x037",0.0543917772350435,0.280585350611972,0.0494487800950157,0.104385095725397,0.124663725301993,0.00013679482135939,0.0652981200088403,0.000136794821739426,0.32095356137864
"001x038",0.0567657156604509,0.221022658481935,0.0149637989134674,9.36627644470656e-05,0.142294571212146,0.0392575315492146,0.168951121953256,0.000383217354272859,0.35626772211081
"001x039",0.0174797507811798,0.363127581906086,0.0160604707617451,0.126783793279215,0.128968541380649,0.0146124571079092,0.14040956318138,0.000195405139282479,0.192362436462554
"001x040",0.018329706828206,0.317295580665883,0.055238070490796,0.178715184611047,0.192113060319855,0.0293370378814235,0.0145356326919841,0.000198177219410622,0.194237549291395
"001x041",0.0110989555145759,0.110960563341857,0.653518965359992,0.00277253182747472,0.0524964350107973,0.0550837786487731,0.0191251742380711,0.000245500749728877,0.0946980953087295
"001x042",0.0100409336635426,0.240063551045115,0.387152003889051,0.00546384791072892,0.0840564604200924,0.110002393418833,0.0371253817215006,0.000317710718176706,0.125777717212959
"001x043",0.000111725467001653,0.177395116477142,0.650304525810978,0.0195848274756512,0.0449690356727531,0.0496876111476974,0.0063019883314733,0.000111725468950907,0.0515334441483518
"001x044",0.00533950216034474,0.145507830497601,0.261341766439667,0.00573712172882195,0.3483371280665,0.025981746280734,0.0345789225565878,0.000210707595725615,0.172965274674018
"001x045",0.00805344181488448,0.231120130045761,0.357652074143579,0.0630948754492074,0.134189571002289,0.0428321275131382,0.0264038710677158,0.000291836876879121,0.136362072086546
"001x046",0.0147832063251292,0.166860049120478,0.479856811871423,0.0994958826223901,0.0555468572759086,0.109864998928488,0.0400444996639058,0.000533678573140831,0.0330140156191363
"001x047",0.000402337625425028,0.165279717014834,0.551598575184701,0.0290073557885394,0.0691629571187218,0.088795769500765,0.000402337625034503,0.00525702768510594,0.0900939224568731
"001x048",0.00771707258086458,0.422770808647482,0.230851493381024,0.0437702223081879,0.0803921064395912,0.103147743861014,0.000156424950976016,0.000156424950976612,0.111037702879884
"001x049",0.00015303301162694,0.416264239200406,0.280095052402534,0.0803605705268375,0.137559515658943,0.035431894046149,0.0232077610009282,0.000153033011625479,0.0267749011409498
"001x050",0.0189614078065609,0.240168113259728,0.400079716682727,0.00956517341825105,0.125645879083311,0.122793311753401,0.0241743613713371,0.00195094612374883,0.056661090500935
"001x051",0.000220070622671444,0.347572281478984,0.000220070622671463,0.224273598817455,0.159313844640522,0.157581817769835,0.000220070622671455,0.000220070622671456,0.110378174802518
"002x002",0.0399360441342045,0.000128905760030039,0.404596193824626,0.000128905760411038,0.000128905759246484,0.461399843352231,0.000128905760398207,0.0934233898909721,0.000128905757880792
"002x003",0.0459981838173776,0.22130578939781,0.0869774201011424,0.071386501663973,0.0691076025645365,0.420786461628165,9.26423113375782e-05,0.03717036897095,0.0471750295447084
"002x004",0.000149337396554853,0.368850597166679,0.000149337395856593,0.161480094861126,0.128900838017626,0.303272348341901,0.0368987720285418,0.000149337395856577,0.000149337395857522
"002x016",0.000193502481292183,0.280660918309281,0.376531010224058,0.107736225525109,0.208435632074341,0.00440450680486683,0.000193502481593271,0.00294555261429722,0.0188991494851621
"002x030",8.6314900830407e-05,0.438029005913716,0.143247639959411,0.142472499906739,0.0770856422231331,0.130217245805047,8.63148998724921e-05,0.000101781975136837,0.068673554416114
"002x032",0.00603797163118789,0.301049250363228,0.000132992773514881,0.0801621488134684,0.199345870654552,0.0692346963026518,0.113781395558914,0.000132992773514985,0.230122681128968
"002x033",0.0141557648764439,0.0826987241141932,0.699147443559557,0.0467221807296317,0.0431338542973414,0.0814016151535096,0.00279407428404377,0.00384227677771058,0.0261040662075688
"002x034",0.0143079998449822,0.289453716614298,0.352866910588477,0.0115415207151822,0.109709506317931,0.0648998322920396,0.000316258111868574,0.000316258111854291,0.156587997403368
"002x035",0.02022589701372,0.128356802145598,0.649184715308053,0.0134587023223465,0.0561762225693468,0.0557859680411722,0.000150691636833866,0.000150691636830029,0.0765103093260998
"002x036",0.0848983597974348,0.257508576833344,0.0137548550161866,0.0172395872927139,0.104398651482385,0.202751009102676,0.000130778474818494,0.0196387055541078,0.299679476446333
"002x037",0.0920333076332173,0.269305909692244,0.0128670053687196,0.0925075689874352,0.0795262610290511,0.0621725309626635,0.0368251227245856,0.00119559985239105,0.353566693749693
"002x038",0.0541089687677164,0.179198925225032,0.035548334748025,0.0309291894362878,0.164619205213672,0.036229724638914,0.0650832158625746,9.43325501739124e-05,0.434188103557604
"002x039",0.0198342478050676,0.365929187210997,0.0666910207913393,0.0289961935905272,0.15270854864009,0.00248964376138961,0.0252279333223625,0.0373446440490216,0.300778580829205
"002x040",0.0339397862732275,0.380058991398844,0.0812307918836043,0.116735543301367,0.155442285010337,0.0436036858356957,0.0515993545415264,0.0158745142889408,0.121515047466457
"002x041",0.0187814191572234,0.0429384340634534,0.873301036455725,0.0103601547925878,0.0310092773973162,0.00798801000989717,5.48804239294888e-05,0.00497415549066229,0.0105926322092049
"002x042",0.00760161531632806,0.197168943641793,0.424945131550269,0.0143248975053592,0.179585642977239,0.0743587387455523,0.0290003637935855,0.000342077363282821,0.0726725891065915
"002x043",0.0291654602930851,0.276532441687437,0.33884801964313,0.0492956040196438,0.196742196888752,0.037910676759497,0.000322603642896812,0.0126189747681233,0.0585640222974352
"002x044",0.013730805644847,0.176815256845616,0.0608240908280819,0.0257431682273895,0.445399129377222,0.0742425921970969,0.0082071199678441,0.0344504241190422,0.16058741279286
"002x045",0.0082512003372389,0.26802602937797,0.355361738121869,0.00014340196074231,0.20712556090446,0.000186854724259985,0.0457896341144083,0.000143401960748808,0.114972178498302
"002x046",0.000395837596210336,0.125654220632766,0.633751838957431,0.0389594140210751,0.0717108839581444,0.0953435084727167,0.000395837596151196,0.0129582205448721,0.0208302382206324
"002x047",0.0164773462876399,0.0481236063810809,0.854209510387172,0.0102899052412921,0.0035355140384602,0.0377857559990202,0.028668046289537,8.23780114592013e-05,0.000827937364339025
"002x048",0.0277161120475575,0.234414468891815,0.647486669943945,0.000163611972893565,0.0346495432493791,0.024772605232337,0.000163611977250998,0.000163611977214385,0.0304697647076078
"002x049",9.52242333743012e-05,0.462852666104294,0.166624474182463,0.184510536628168,0.108451736628396,9.52242331995733e-05,9.52242335930376e-05,9.5224233199575e-05,0.0771796895233131
"002x050",0.0262053671620428,0.566301794704564,0.0754661583630244,0.0622696927996318,0.174618120280732,0.000164661419509811,0.000164661419506635,0.000164661419507145,0.0946448824314814
"002x051",0.000139277682334482,0.367165643086674,0.000139277681975655,0.30929956561873,0.0913054326111136,0.077078789020642,0.000139277682561168,0.00711312678332955,0.14761960983264
"003x002",0.0137588688280826,0.176797146642376,0.111999704659668,0.0593665418434533,0.0727996276689306,0.457751252226692,0.000136445322888494,0.0683911952098497,0.0389992175980589
"003x003",0.00351730202476255,0.46301769827126,6.7001600278661e-05,0.1569917567143,0.079146159741358,0.2347496311058,0.026529634013413,0.00961594938531619,0.0263648671435105
"003x019",9.41737034699183e-05,0.423573901120546,9.41737034699172e-05,0.0430091577869829,0.203749977250644,0.078811255527479,0.030453565486531,9.41737034699185e-05,0.220119621717407
"003x020",0.0115386973170338,0.0836826987802454,0.0283139681679902,0.0942697597097878,0.0351999916735485,0.639474885148057,0.00254023892557893,0.0801715512587245,0.0248082090190342
"003x021",0.0278817695789936,0.103151051240995,0.0999837372499484,0.249707686637719,0.0408710051220147,0.395508082604484,5.80475304738222e-05,0.0590649373110097,0.0237736827243615
"003x032",0.0403879795748983,0.21036448677756,0.0324297138421757,0.0590829662698363,0.092338546874463,0.0679117856531681,0.000241615513713316,0.000241615513366682,0.497001289980818
"003x033",0.0365888518297826,0.112994212759655,0.329790880355642,0.0654137514103844,0.12935008747453,0.109589451105814,0.0258203768549713,0.012258788646842,0.17819359956238
"003x034",0.0162767087471317,0.0357885969075767,0.847490680505222,0.00250084524793744,0.020815775073452,0.0457346281501512,0.000637049456464525,0.00674306723920167,0.0240126486728632
"003x035",0.000144730526437493,0.180422611072976,0.496984991163938,0.00456435011137618,0.10438366322875,0.125724419308423,0.000144730527063513,0.000144730526441381,0.0874857735345943
"003x036",0.0849983209063794,0.136540129935215,0.00223326144823341,0.0472164984670513,0.152748366408141,0.0615881467489227,0.0309885317849517,9.9570864075181e-05,0.48358717343703
"003x037",0.0398500008879185,0.0811301761329182,0.000147239793341918,0.0595334161935821,0.102548991625606,0.294835353289376,0.0145727904641848,0.0378390996077132,0.369542932005359
"003x038",0.0583531038605397,0.14389969305983,0.0262164611210894,0.0547686827032583,0.111798823882571,0.172995110494494,0.0131205261164155,0.0132272280335646,0.405620370728237
"003x039",0.0963655648374391,0.197274722866366,0.0314418393383145,0.0764930094766117,0.129918433378568,0.049458367211359,0.032234308247539,0.00662862137176059,0.380185133272042
"003x040",0.066616967018702,0.241903178423508,0.0282755797559273,0.00526276465968117,0.251220029614342,0.0373341511467845,0.0463632874520611,0.0394948016330676,0.283529240295926
"003x041",0.00029764780113793,0.248672499504585,0.159007276134012,0.0249034476477999,0.19826190566689,0.0744271280239678,0.0387331000625961,0.0773443625171422,0.17835263264187
"003x042",0.0414000578506201,0.206945962524348,0.0741782092367701,0.118534557808517,0.20789292634697,0.0603103187172317,0.0304990689185301,0.000278004263681345,0.259960894333333
"003x043",0.0103566824166443,0.0893575308346518,0.317857536369278,0.140079831455358,0.216874199603484,0.0953954718018457,0.00017521125721941,0.0316553133028945,0.0982482229586248
"003x044",0.141127656853128,0.281868733537528,0.0253539256149843,0.00318506380646001,0.206872656045443,0.0772184067728361,0.000218021260172695,0.0108894499629817,0.253266086146466
"003x045",0.0645862334883447,0.269714071754456,0.0743078623974254,0.0336617048935775,0.208789567085922,0.0504631402230606,0.000222250598583752,0.000222250598585148,0.298032918960044
"003x046",0.000107153279124082,0.145079090078196,0.684852799011729,0.0462783467333915,0.0787411585839238,0.0255068938589277,0.000107153279116352,0.000272787179022974,0.019054617996569
"003x047",0.000207401570757076,0.0644332727544607,0.825490276154953,0.017526606108429,0.0103959167173545,0.056112534521324,0.00020740157187815,0.000300429646449953,0.0253261609543936
"003x048",0.000140739763589904,0.443198977672317,0.23580199402288,0.0409932391348056,0.043304619774347,0.126010658834873,0.000140739763581922,0.000140739763579888,0.110268291270026
"003x049",0.0115474083452266,0.266039906624503,0.397587658894038,0.0553969687991429,0.070009178758684,0.144442220412232,0.00970762657870174,0.000570876245748421,0.0446981553417232
"003x050",0.000206788083843275,0.287152067020384,0.338631956098847,0.0760445841724463,0.058673606496035,0.134434411526118,0.0337237544568012,0.000206788083807453,0.0709260440617177
"003x051",6.36420149594281e-05,0.51698620627322,0.104038631911168,0.0757266768416625,0.0586926419042961,6.36420149594908e-05,0.130743752700063,6.3642014959485e-05,0.113621164324711
"004x000",0.0387842232286847,0.158991429338738,0.266746296654416,0.145840665299984,0.0439170765725759,0.298786657519368,0.0255577946420902,0.0012721106262951,0.0201037461178481
"004x001",0.00163436734442461,0.184626407070781,9.5079973212161e-05,0.0343280160148582,0.0752051154918252,0.520249468000192,0.0675345337756418,0.066186374712667,0.0501406376163976
"004x002",0.000183631531799926,0.197134392225155,0.0154078542916779,0.0916467370965602,0.125755871660686,0.28908516637073,0.000183631531822817,0.147584451854828,0.133018263436741
"004x003",5.8602665335577e-05,0.0897729032405819,0.247059797823155,0.447964268620932,0.169602190459887,5.86026653366512e-05,0.0197656976245282,0.00553319835537465,0.0201847385448692
"004x020",8.89234872658e-05,0.34676597512173,0.0475380619850659,0.229996245432254,0.11217170437033,0.133814800636539,0.05889108267891,0.0057469442567625,0.0649862620311429
"004x021",9.37383663610019e-05,0.458070270213199,0.125932813004887,0.212549740300009,0.186847673149076,9.37383661791016e-05,9.37383666276641e-05,9.37383661791017e-05,0.0162245498674834
"004x032",9.46687554164913e-05,0.198679955388502,0.0424383600762858,0.402213074930073,0.132299174042861,0.0982859755904602,9.46687559070125e-05,0.0870041522238247,0.0388899702366697
"004x033",0.104909390105933,0.274079896287397,0.000125893061067113,0.0805256970722919,0.131188578914762,0.0788705253683553,0.0494871441436453,0.00631915433875431,0.274493720707793
"004x034",0.0163702718874309,0.154705195534611,0.248773888669292,0.0471985908331222,0.172136081532623,0.141737295270319,0.0338532466848534,0.00557097486126969,0.179654454726478
"004x035",0.0821485667400933,0.146441445095829,0.00379096360607567,0.198479361996174,0.200910612127316,0.109678120906529,0.0572491840091734,0.00042348981267873,0.200878255706131
"004x036",0.0588908422805965,0.0300922885863519,0.0239048574610172,0.223943580647115,0.121620242043064,0.0760832266285879,0.0176998337894444,0.0820132870632129,0.36575184150061
"004x037",0.111527732161778,0.0514152978452402,0.0206901883458775,0.0222666337395176,0.0915127197695309,0.0990490874986637,4.82316578035791e-05,0.0188347965510051,0.584655312430584
"004x038",0.0525321220141755,0.0210138943859165,0.0125676795892588,0.0241838077887531,0.0928619897654921,0.186596703282025,0.0255525700228569,0.0400050689846034,0.544686164166918
"004x039",0.0273204402166119,0.0419380230548644,0.00554714945459883,0.0460264061368374,0.148538464089234,0.549326691240255,0.0288530551247899,0.000128257159867282,0.152321513522941
"004x040",0.0254185577953003,0.230237462722814,0.000195673255229872,0.00768131184083576,0.1526461661886,0.270064290419554,0.000195673255525093,0.0719069788658225,0.241653885656319
"004x041",0.000199656285727838,0.234564190444062,0.0658314485874803,0.0401195448085363,0.133862163536574,0.314838267159979,0.000199656290716133,0.0616638856259455,0.148721187260979
"004x042",0.122704340886332,0.278131450143041,0.0271339482886871,0.0545324927424564,0.148147273344843,0.061456678419226,0.0617175872231717,0.0199273522159764,0.226248876736266
"004x043",0.0229538504110297,0.102914122619944,0.000443906220720871,0.158647697457343,0.229706417763345,0.243119718408119,0.0636614100501462,0.0139628781127404,0.164589998956612
"004x044",0.0616335771629479,0.0763359269855927,0.27471625785684,0.123196004654134,0.223178211693363,0.0989833641055717,0.0133564494051417,0.00399724276417505,0.124602965372234
"004x045",0.0826182628843922,0.367120596240498,0.0245333780866417,0.0188415432035396,0.182080491047712,0.143715752448212,0.0272940629905658,0.000211571929485844,0.153584341168952
"004x046",0.0569966655494206,0.178916503470445,0.521597052723249,0.0880328509951,0.0112761782648735,0.096510732314087,0.000148450752593414,0.000148450751898682,0.0463731151783332
"004x047",0.000354053637855423,0.224279041323557,0.559156786993968,0.0458525390110751,0.063342520038728,0.0589591736447618,0.000354053637878568,0.000354053637881206,0.0473477780742959
"004x048",0.0162785958910317,0.258219104345036,0.357891490417103,0.132362253450765,0.0646696553224252,0.0300669546249918,0.000306967800712972,0.00030696780069603,0.139898010347237
"004x049",0.00861652883549246,0.308490399118598,0.519801090287399,0.00015932165899671,0.0223325375103657,0.0842474956492493,0.000159321661894163,0.000159321661904323,0.0560339836161004
"004x050",0.0166754264442892,0.0262404218092263,0.92241152669841,0.00843390071694603,0.00316712786559781,5.5619201563991e-05,5.56192018616057e-05,0.00828766152263661,0.0146726965394681
"004x051",0.0519911285140758,0.286612505379388,0.0978047919019484,0.000210520752885192,0.24637768198054,0.0977230595640826,0.000210520752826544,0.000210520752825271,0.218859270401429
"005x020",0.0466617713532439,0.34836632872386,0.226301327729406,0.0814186857225773,0.0912172529380246,0.0492944324160351,0.0421340917011313,0.025451816605015,0.0891542928107067
"005x021",0.0158903785994673,0.366432727469357,0.121656390374727,0.0678081490250213,0.298775844616505,0.0726287410101758,0.000102530519605417,0.000102530520117674,0.056602707865023
"005x024",0.0559105410346327,0.376780057687688,0.000223950379956202,0.209190351500913,0.222573682013161,0.00831720627771982,0.0620698708356074,0.023486756954251,0.0414475833160705
"005x032",0.0292278622658753,0.431001150031636,0.0250745598276676,0.126006797840324,0.136720375981972,0.0747077181035316,0.115495858440029,0.00685116796904345,0.0549145095399217
"005x033",0.000126092858101156,0.343753050560475,0.203169971410162,0.196330812842255,0.0772399144111277,0.0997021448940793,0.000126092858658374,0.0061073726987795,0.0734445474663627
"005x034",0.0235761172059573,0.0971222347836717,0.0716154336064864,0.0926817701639603,0.182697106817195,0.000185770660133551,0.196286065741389,0.0317339306435653,0.304101570377642
"005x035",0.018871848706496,0.192110536106101,0.000303783100518785,0.155794758141321,0.133867724472023,0.180056241775511,0.000303783100518782,0.000303783100518785,0.31838754149699
"005x036",0.104995928830887,0.248741606826243,0.000139387245856479,0.0576888593338862,0.122818447365484,0.0945897740377505,0.0234911929872736,0.00726848965005283,0.340266313722566
"005x037",0.102388596424242,0.0833060827312722,0.0002183827520328,0.0544837032018818,0.0983614250055209,0.26486587788268,0.0123849682556726,0.0260995570879315,0.357891406658767
"005x038",0.0731078315464226,0.0434748423172091,0.000122829288246125,0.0987288798403884,0.0846690042595846,0.284973594514641,0.0931049480425822,0.0175433561495782,0.304274714041348
"005x039",0.0888081812109384,0.0701562830270311,0.0636828292839419,0.0298779729215137,0.0720615290659104,0.355551707197743,0.0263719909733728,0.0491233472432865,0.244366159076262
"005x040",0.000649161349824918,0.14703113834627,0.311624272363233,0.0732894898020044,0.0513691955247306,0.157117359018426,0.100461596448873,0.041229350274038,0.117228436872599
"005x041",0.0660099232664176,0.249046438969554,0.0198185649296145,0.170068594135569,0.100738189992806,0.174374634149498,0.00018962178944889,0.000189621789152732,0.21956441097794
"005x042",9.5182279656807e-05,0.38431410520035,9.51822775382366e-05,0.0332108323033519,0.165162624292369,0.207654444871464,9.51822780524964e-05,9.5182277538237e-05,0.209277264219679
"005x043",9.60252499526134e-05,0.0661615149379607,9.6025249952621e-05,9.60252499481882e-05,0.101401005470844,0.637742137627098,0.0690926845831457,9.60252499526304e-05,0.125218556381145
"005x044",0.0990180048156905,0.120189016849818,0.000184012537077601,0.0965068531780512,0.108065031789603,0.32478747819354,0.000184012537077601,0.0171525404566669,0.233913049642475
"005x045",0.125130557581096,0.195691529315042,0.0963232463959202,0.0490745537475693,0.160581623843391,0.0897349556025822,0.000208658834265626,0.000208658834266912,0.283046215845867
"005x046",0.0119389136310333,0.18421147738888,0.320836645616754,0.024987606696557,0.282512744030169,0.080118487264171,0.000332838989865602,0.0136312882239342,0.0814299981586361
"005x047",0.0217992541544698,0.271772604092435,0.33272259378293,0.0463660505855477,0.0952115883444637,0.11821754293122,0.000325989627689735,0.000325989627652352,0.113258386853591
"005x048",5.82044825557045e-05,0.472405978351001,0.0823750511866715,0.142342089482791,0.127375569882232,0.0163990630918331,0.0412727749922857,8.65409387227292e-05,0.117684727591907
"005x049",0.0452567438845289,0.256403710583128,0.384372669521982,0.0152105780824423,0.130935649046899,0.0777567302590415,0.00402271735946829,0.000308505014324978,0.0857326962481854
"005x050",0.0036939914880394,0.169786233938974,0.576639073010802,0.00548976830119482,0.138090815810472,0.0646495432487293,9.51664195185034e-05,9.51664195084812e-05,0.0414602413627613
"005x051",0.0322374884671502,0.39763855788053,0.0644270655565753,0.0612435167987002,0.169044356579183,0.0772490196053567,0.000218505113503263,0.00021850511308402,0.197722984885917
"006x003",0.0288308507450096,0.269153478266971,0.0886438620143323,0.227977210328001,0.169851546791371,0.0953656690227947,0.000473352256640292,0.0508398996456078,0.0688641309292708
"006x011",4.7795818088828e-05,0.65111980575246,4.77958181527019e-05,0.121694608042247,0.0955691781604569,0.104530183066334,4.77958181526888e-05,0.0268910362716924,5.18012524160135e-05
"006x020",0.0188650699751839,0.374096265527991,0.160725375980611,0.19077076862775,0.0811830322724284,0.0948495673420946,0.00022435907715081,0.000224359076816409,0.0790612021199735
"006x021",0.0233281502115231,0.103868422523746,0.0914189730634594,0.576566026252706,0.082843845459254,0.0850998590627299,0.0194558417321221,2.91521258920435e-05,0.017389729568567
"006x022",0.000151209045254261,0.417735986290386,0.0703078077608568,0.16172209050238,0.158045861006151,0.0915000494479051,0.000151209045271677,0.100234577856548,0.000151209045246272
"006x023",9.31306270608215e-05,0.38080710032154,9.31306265894547e-05,0.0348599622632946,0.238750540501576,0.163158437924071,0.177708606731133,0.00443596037814777,9.31306265871232e-05
"006x024",0.0117590182562063,0.332639032320271,0.151539458263096,0.136161915054322,0.151501673414042,0.14567083695823,0.000192026320561574,0.0276942420686869,0.0428417973445845
"006x025",7.4560638788977e-05,0.462755358078627,0.0972470084698248,0.195617676475329,0.061874947390236,0.0998723485011284,7.45606389582722e-05,0.0244725374371713,0.0580110023699359
"006x028",9.7421276426923e-05,0.474190664236556,0.0630304668544186,0.0580570081022681,0.115775367730003,0.261570084760762,9.74212744443568e-05,0.00819996218038614,0.0189816035847356
"006x036",0.0346207783376329,0.380266406616782,0.21423059539667,0.0517741410178773,0.0956952171112855,0.00016083870582788,0.0791003628364217,0.000136829923329218,0.144014830054173
"006x037",0.0727121567455639,0.191966058699711,0.000285433743595614,0.0614490690801659,0.171159780893254,0.292054693963769,0.0248695137619337,0.000285433743595617,0.185217859368411
"006x038",0.175087675597896,0.160958961313571,0.000143902152227532,0.0525390763733411,0.101978338080619,0.113492648828866,0.000143902152227533,0.00586646145904405,0.389789034042208
"006x039",0.0412829713856764,0.0884649385853498,0.000204482424295791,0.0655085564018021,0.108351161350865,0.423877401797032,0.0336537713830821,0.000204482424295811,0.2384522342476
"006x040",0.0134413452740286,0.194988572495069,0.079727611752601,0.040052390744284,0.12380828512094,0.317874114402209,0.0176178572624958,0.00760796146033036,0.204881861488043
"006x041",0.0108838048166562,0.452568362574129,0.103534043850637,6.38994050590871e-05,0.161873107744577,0.0264407384351593,6.38994050583733e-05,6.38994050583772e-05,0.244508244363665
"006x042",0.0450526581471105,0.544661952163206,4.71385967573833e-05,0.0467194282970954,0.106635813051451,0.129696087544791,4.71385957361601e-05,0.0115055737880543,0.115634209815798
"006x043",0.000128866638848371,0.106841340088756,0.000174363405467854,0.144715500352801,0.106839059934928,0.454810633353384,0.0524676107121315,0.0215728924212595,0.112449733092424
"006x044",0.020667728036736,0.0395091095656943,6.3928905684542e-05,0.0201139352417383,0.0534937580041799,0.792106789270737,0.0160505342715113,6.39289056845168e-05,0.0579302877980343
"006x045",0.140813405582925,0.210731908798322,0.000189591741117288,0.083521610330995,0.206699692868462,0.0563982654514832,0.0536247477894859,0.00575266121161739,0.242268116225593
"006x046",0.00752458952974989,0.219673587499828,0.151804044991772,0.0669967199741342,0.294753160947441,0.0208966948277917,0.000195663530391962,0.00951252379237497,0.228643014906516
"006x047",0.00853376906450815,0.113105389333322,0.256844951867999,0.0309498601595507,0.298820969265018,0.0336237905582589,0.0191214011320554,0.000206348350353584,0.238793520268934
"006x048",0.0107498378821401,0.347826746951459,0.29447576050475,0.00252942988429264,0.192586405438032,0.0763381668817514,0.0201350098939966,0.000220356443296768,0.0551382861202814
"006x049",0.00917448473036113,0.108857510458027,0.694981300668995,0.084483084561367,0.015234366281412,0.0665747541810462,0.00177996770262156,0.0055957853698546,0.0133187460463157
"006x050",8.56185210432826e-05,0.188060265879602,0.392711255622236,0.215473905493686,0.0682828745846022,0.0877451701462992,8.56185289965546e-05,8.56185285340673e-05,0.0474696726950015
"006x051",0.000136884001324304,0.361543634104096,0.0338378873695576,0.0358622945645978,0.260047972632295,0.0624359967336339,0.048992858855233,0.000136884001324331,0.197005587737938
"007x020",0.000438737103828432,0.26096769724537,0.174996443927721,0.123605087582634,0.157903561751895,0.0802137413140454,0.000438737103828436,0.0392519457464621,0.162184048224215
"007x023",9.68092085663042e-05,0.499458288501157,9.68092104695083e-05,0.058629475318881,0.153148425058924,0.170452108337641,0.0516595287133794,9.68092104695085e-05,0.0663617464405127
"007x024",0.0327788405467461,0.397407832855268,9.18912432130264e-05,0.296425563208271,0.0729753152209481,0.132728773800614,9.80840530860477e-05,9.18912432130281e-05,0.0674018078286412
"007x025",0.0955655019990371,0.322395408535908,0.158385197156856,0.213574466276811,0.131223391200949,0.0145580044570672,0.0641417125020309,7.81589354745778e-05,7.81589358658432e-05
"007x027",0.060097885255431,0.332047465366309,0.000125916656177244,0.246736710823877,0.133213261143511,0.126504681560957,0.000125916656177252,0.0361831982333464,0.0649649643042145
"007x036",0.000254448007543514,0.394432783112369,0.208658104577938,0.000254448007333469,0.242043510024691,0.0652480200170215,0.000254448006972322,0.000254448006972325,0.0885997902391595
"007x037",0.000130367126491703,0.385421344959806,0.000130367135241559,0.131305527720673,0.0742959619391405,0.22668656896315,0.109529025336741,0.000130367134104803,0.0723704696846516
"007x038",0.065432956968381,0.451672180917991,0.0823079192630006,0.0898810239617628,0.0542756662776584,9.22487517736595e-05,0.0299006030316372,9.22487525399827e-05,0.226345152075256
"007x039",0.0362319055766609,0.22428311748805,0.0490233830245379,0.0771785425669249,0.110540817581791,0.0908914553646998,0.00685880642417999,0.0140978356365046,0.390894136336651
"007x040",0.0178637693890683,0.429443308534792,0.0834337769934466,0.0506517939419144,0.217091130543457,6.71304391415952e-05,6.71304369378277e-05,6.71304373127754e-05,0.201314829283929
"007x041",0.0379392695204257,0.467038232285474,7.04792089569105e-05,7.04792065734837e-05,0.346550493639193,0.0291448232042308,7.04792089563011e-05,7.04792089558494e-05,0.119045264517235
"007x042",0.0158904423861682,0.348677016146044,0.065647828438179,0.00578554945178004,0.369008894399362,0.0701439470710543,9.74466754890094e-05,9.74466765259975e-05,0.124651428755398
"007x043",0.032276452246743,0.291435149989563,0.000134212744574106,0.0773488995826481,0.265719202142504,0.0841869434781015,0.000134212742861151,0.0123992622955287,0.236365664777475
"007x044",0.057104350418194,0.307404218160149,0.000126273409797542,0.110415721585557,0.119162933537349,0.227511571484,0.00012627340927546,0.000126273409797542,0.17802238458588
"007x045",0.109346436576775,0.288053254842797,9.28534836578917e-05,0.0156955615467407,0.183632326413852,0.0283054403386148,0.0400117424625421,9.28534836679943e-05,0.334769530851353
"007x046",0.0112938755328971,0.438009267965365,0.00407329385063454,6.7827344046804e-05,0.243181726198801,0.00994620423882043,0.00454289132065766,6.78273433478751e-05,0.288817086205429
"007x047",6.85046755550199e-05,0.338947034896654,6.85046755501105e-05,0.006436121683674,0.334320314552173,0.0217839513136093,0.0417283847974066,6.85046747427812e-05,0.256578678730635
"007x048",0.00212900921410613,0.0649292185176086,0.659852877938999,0.00240173960399664,0.132493707011396,0.0334616697345886,0.0319669606582695,6.3295080536195e-05,0.0727015222404997
"007x049",0.00392120042398267,0.0897855531103611,0.688924851702198,0.00881189702467798,0.117744184649482,0.0788383710055477,0.0012109696944887,1.20001432713739e-05,0.0107509722459898
"007x050",0.00522049875220804,0.250875082565677,0.444677831214135,0.0304898896126929,0.118671660988384,0.113180017489566,7.98455762391712e-05,7.98455764092844e-05,0.0367253282246886
"007x051",0.0047701362861672,0.173290853639198,0.502541303459251,0.0169573413289848,0.159672934843755,0.0531294744794845,4.86765452165209e-05,4.86765450631636e-05,0.0895406028728803
"007x052",0.000100172607766859,0.29312074614516,0.0218833702701263,0.0134377598254792,0.16300216319216,0.0977360169128345,0.000100172608246854,0.000100172608248858,0.410519425829978
"008x014",0.130529468303305,0.342635405898217,0.000228363948039568,0.0828526624177594,0.173764343108337,0.269304664480222,0.000228363948040979,0.000228363948039568,0.000228363948039569
"008x023",0.000151047910383347,0.105302532981321,0.239289158870513,0.396729499683248,0.000151047910929333,0.000151047910488677,0.000151047910488684,0.0434545153615968,0.214620101461031
"008x026",0.0140393837405158,0.453731838511313,0.198582297118812,9.60028676728426e-05,0.136260996794155,0.0963930261740821,9.60028675686512e-05,0.0437049173567781,0.0570955345691013
"008x028",0.000101465454053497,0.369924293210226,0.00010146545405348,0.36638753893371,0.0979708903694689,0.160484847115481,0.000101465454501287,0.000101465454052851,0.00482656855445347
"008x031",0.0450579700354771,0.250939185392293,0.247995452569372,0.197020174586375,0.0704417188648119,0.150965785559852,0.000115503061470655,0.0045248879157913,0.0329393220145571
"008x034",0.00030311860118731,0.31429510845128,0.182874871523813,0.148335305879551,0.163997552564178,0.0945404307896841,0.000303118600830562,0.000303118601187303,0.0950473749882888
"008x035",0.0946352329944861,0.425776709472492,9.25795268619034e-05,9.25795268624722e-05,0.146345357930299,0.0478107261384713,0.215913600422615,0.0491219593256193,0.0202112546622934
"008x036",0.000206547283805323,0.305074720132797,0.00020654728380534,0.00602883234540353,0.129724145086751,0.151522967063685,0.166180764925279,0.112250444708207,0.128805031170268
"008x037",6.95256370662507e-05,0.559521515524704,0.0359373364527733,6.95256366645541e-05,0.100434784817545,0.226516637313531,6.95256368281832e-05,6.95256366575148e-05,0.0773116233442297
"008x038",0.00366822965611661,0.571060667333475,0.147311637964386,0.0108596128915771,0.0799071008218063,0.0524159584895363,0.0148738888927382,6.37070528127513e-05,0.119839196897552
"008x039",6.35047278773061e-05,0.511708043210149,0.0309007774068665,6.35047247689127e-05,0.186308106752612,0.192783218660909,6.35047238276709e-05,6.35047247645203e-05,0.0780458350682244
"008x040",0.0210705954024401,0.619466239359232,4.57755479868872e-05,0.0161015945432313,0.121881958796838,0.0605516924521398,4.57755438601198e-05,4.57755474181378e-05,0.160790592806853
"008x041",0.00901505480731305,0.334214074350823,0.00617286915026828,0.0637788258176066,0.188463769536283,0.0485832870452386,0.066952977862647,5.84940782646152e-05,0.282760647351557
"008x042",0.048450074844999,0.209874400530883,0.304505746303047,0.0285270385644876,0.223569010281672,0.051810839053139,0.00428537431817403,0.000287061317610748,0.128690454785988
"008x043",0.0250801747975064,0.240020883672006,0.0774620488157357,0.128943354142445,0.223560702196392,0.0895349178970881,0.00831036127363784,0.000290240846679525,0.206797316358509
"008x044",0.0716585757728875,0.275700255666935,0.0085929056471443,0.234146350362875,0.145609372774197,0.0296337855982138,0.0263690575519637,8.53270658426188e-05,0.20820436955994
"008x045",0.0389388741646232,0.430311929001302,8.60626193783764e-05,0.0980802188036401,0.188478306022082,0.003006002774751,8.60626194152089e-05,0.10265671845205,0.138355825542758
"008x046",6.27713132624597e-05,0.43042363041568,0.028923719947401,0.169767608241382,0.17915399029666,6.82706727141485e-05,0.00406285704858042,6.27713135058089e-05,0.187474380750814
"008x047",0.0368628967205481,0.397347002987426,9.33181279165717e-05,0.0667202353784181,0.207602332567448,0.0227253205603372,0.0404041563567409,0.00909933382557619,0.219145403475589
"008x048",0.0261558036463721,0.226678997660333,0.0157983051265954,0.0131101690125392,0.290438381461146,0.0225770590671928,0.0946196118582626,8.94315831728494e-05,0.310532240584387
"008x049",0.00401813277390631,0.184503454324003,0.0343423767787162,0.0205339216530425,0.325586825367743,0.0947772185363063,0.0451594182235327,0.000145431627317867,0.290933220715432
